1000141
1000153
1000236
1000443
1000844
1000933
1000965
1001034
1001123
1001488
1001811
1002057
1002295
1002438
1002621
1002729
1002737
1002806
1002814
1002900
1002989
1003083
1003108
1003143
1003150
1003710
1004417
1004538
1004714
1004792
1004866
1005110
1005148
1005413
1005679
1005685
1005868
1005919
1006066
1006344
1006393
1006768
1006879
1007127
1007184
1007228
1007245
1007437
1007441
1007565
1007742
1007803
1007824
1007848
1007940
1008027
1008084
1008100
1008334
1008704
1008785
1009341
1009834
1010195
1010299
1010533
1010783
1010797
1010848
1010891
1011115
1011182
1011261
1011479
1011930
1012043
1012326
1012332
1012344
1012478
1012528
1012534
1012567
1012969
1012991
1013170
1013780
1013817
1013844
1013893
1013947
1014027
1014030
1014117
1014158
1014367
1014448
1014546
1014606
1014620
1014942
1015004
1015018
1015031
1015268
1015307
1015456
1015497
1015536
1015737
1015753
1015806
1015871
1015888
1016041
1016098
1016538
1016668
1016765
1016771
1016882
1017003
1017225
1017242
1017427
1017518
1017982
1018047
1018286
1018499
1018517
1018618
1018623
1018816
1018954
1019207
1019384
1019420
1019488
1020161
1020563
1020614
1020688
1020692
1020723
1020864
1020911
1021202
1021442
1021474
1021798
1021932
1022157
1022566
1022687
1022732
1022793
1022986
1023136
1023155
1023264
1023561
1023679
1023750
1023777
1023816
1023849
1023981
1024026
1024044
1024093
1024848
1025194
1025359
1025388
1025404
1025496
1025570
1025703
1025772
1025951
1026192
1026337
1026722
1026801
1027279
1027417
1027649
1027706
1027866
1027952
1028022
1028054
1028137
1028210
1028502
1028549
1028584
1028858
1028988
1029292
1029344
1029358
1029784
1030229
1030270
1030374
1030434
1030476
1030480
1030561
1030593
1031043
1031259
1031344
1031435
1031528
1031534
1031552
1031599
1031727
1031991
1032083
1032121
1032194
1032404
1032418
1032598
1032748
1032835
1033307
1033409
1033569
1033608
1033712
1033847
1033900
1034274
1034305
1034364
1034370
1034626
1034939
1034982
1035210
1035236
1035272
1035323
1035331
1035450
1035584
1036263
1036669
1036717
1036761
1036929
1036937
1037487
1037519
1037535
1037692
1037841
1038017
1038102
1038276
1038437
1038486
1038498
1038565
1038848
1038931
1039163
1039310
1039324
1039630
1039714
1039765
1039999
1040009
1040564
1040598
1040703
1040748
1040890
1040916
1041192
1041283
1041337
1041852
1042047
1042065
1042136
1042715
1042750
1042935
1043118
1043384
1043636
1043648
1043687
1043700
1043744
1043761
1043842
1043897
1043937
1043941
1043964
1044247
1044259
1044265
1044317
1044332
1044344
1044552
1044670
1044698
1045016
1045068
1045208
1045221
1045294
1045436
1045633
1045870
1045886
1046390
1046820
1046944
1047007
1047063
1047153
1047224
1047340
1047443
1047477
1047551
1047584
1047642
1047656
1048204
1048372
1048475
1048560
1048649
1048733
1048771
1049058
1049075
1049195
1049760
1049918
1050034
1050219
1050515
1050539
1050998
1051102
1051130
1051619
1051681
1052132
1052757
1053192
1053305
1053427
1053722
1053781
1054023
1054145
1054199
1054230
1054363
1054378
1054474
1054536
1054712
1054859
1054961
1055086
1055135
1055231
1055417
1055574
1055695
1055747
1055882
1055928
1056033
1056047
1056148
1056561
1056604
1056782
1056935
1057115
1057217
1057359
1057365
1057392
1057529
1057541
1057676
1057902
1058490
1058501
1058768
1058784
1059007
1059318
1059482
1060069
1060242
1060473
1060689
1060781
1060845
1060899
1060977
1061090
1061203
1061450
1061767
1061799
1061858
1061889
1062041
1062053
1062135
1062218
1062324
1062489
1062511
1062525
1062538
1062556
1062560
1062668
1062747
1062882
1063058
1063061
1063184
1063453
1063533
1063622
1064059
1064191
1064467
1064618
1064623
1064715
1064946
1065077
1065292
1065528
1065730
1065885
1065969
1066380
1066410
1066487
1066665
1066841
1067052
1067099
1067222
1067539
1067672
1068085
1068227
1068390
1068438
1068497
1068944
1069232
1069258
1069512
1069529
1069564
1069930
1070113
1070295
1070438
1070442
1070456
1070460
1070666
1070932
1071257
1071417
1071493
1071511
1071602
1071616
1071627
1071649
1071684
1071901
1071913
1071980
1072054
1072210
1072494
1072568
1072752
1072992
1073288
1073344
1073393
1073407
1073576
1073605
1073637
1073862
1073879
1073903
1074028
1074052
1074076
1074219
1074263
1074543
1075058
1075280
1075299
1075315
1075547
1075588
1075592
1075783
1076042
1076182
1076217
1076699
1076769
1077110
1077561
1077618
1077739
1077922
1077963
1078055
1078364
1078370
1078562
1078596
1078626
1078828
1078834
1078950
1079250
1079455
1079487
1079796
1079805
1079911
1079925
1080138
1080265
1080288
1080332
1080375
1080422
1080513
1080576
1080749
1081132
1081189
1081472
1081554
1081647
1081870
1081911
1081938
1082130
1082412
1082514
1082855
1082891
1082904
1082940
1083107
1083303
1083489
1083597
1083627
1083695
1083945
1084261
1084347
1084371
1084423
1084485
1085048
1085087
1085114
1085312
1085427
1085693
1085801
1085876
1085950
1086090
1086318
1086408
1086477
1086527
1086609
1086906
1086959
1087128
1087381
1087460
1087639
1087643
1087888
1088254
1088278
1088330
1088582
1088655
1088953
1089020
1089136
1089155
1089229
1089237
1089253
1089499
1089604
1089946
1089954
1090086
1090122
1090262
1090511
1090792
1090967
1091452
1091827
1091963
1092449
1092468
1092754
1092763
1092781
1092813
1093002
1093095
1093193
1093380
1094129
1094287
1094362
1094527
1094573
1094799
1094875
1094889
1095281
1095373
1095539
1095717
1095761
1095842
1095883
1095912
1095964
1096116
1096149
1096234
1096299
1096486
1096760
1097015
1097111
1097344
1097375
1097534
1097580
1097727
1097955
1098011
1098289
1098505
1098570
1098916
1098995
1099199
1099202
1099230
1099322
1099378
1099456
1099591
1099753
1099764
1099820
1099917
1099975
1100156
1100344
1100393
1100501
1101117
1101277
1101448
1101519
1101554
1101938
1102075
1102382
1102588
1102797
1103119
1103163
1103190
1103204
1103400
1103432
1103556
1103602
1103980
1104108
1104143
1104177
1104496
1104586
1104703
1104881
1104916
1104927
1105010
1105353
1105778
1105828
1106287
1106914
1107018
1107145
1107814
1107820
1107865
1107917
1108330
1108492
1108874
1109895
1109978
1110057
1110268
1110510
1110569
1110608
1110847
1111107
1111426
1111630
1111649
1111733
1111771
1111808
1112022
1112063
1112186
1112362
1112385
1112568
1112734
1112832
1112933
1113015
1113138
1113214
1113407
1113481
1113534
1113686
1113885
1114118
1114131
1114278
1114543
1114789
1114811
1114842
1114941
1115044
1115506
1115663
1115940
1116431
1116537
1116703
1117103
1117662
1117868
1117963
1118091
1118225
1118260
1118370
1118402
1118790
1118977
1119117
1119215
1119313
1119367
1119376
1119522
1119606
1120034
1120433
1120758
1120811
1120937
1120964
1121127
1121184
1121213
1121339
1121979
1122345
1122376
1122581
1122665
1122974
1123274
1123617
1123693
1123828
1124023
1124381
1124682
1124764
1124814
1124820
1125135
1125279
1125296
1125348
1125556
1125602
1125627
1125668
1125673
1125928
1126169
1126187
1126237
1126374
1126428
1126589
1126631
1126907
1126946
1127060
1127150
1127479
1127496
1127505
1127529
1127949
1128015
1128043
1128174
1128292
1128317
1128446
1128749
1128823
1129035
1129112
1129137
1129153
1129331
1129415
1129482
1129656
1129683
1129776
1129861
1129959
1130386
1130430
1130632
1130982
1131516
1131568
1131875
1131906
1132154
1132372
1132839
1133195
1133245
1133280
1133321
1133441
1133486
1133506
1133678
1133774
1133836
1133855
1133904
1134191
1134338
1135361
1135389
1135490
1135528
1135552
1135612
1135686
1135831
1136522
1136546
1136723
1136762
1136853
1136864
1136898
1136956
1137104
1137447
1137577
1137655
1138483
1138572
1139042
1139121
1139166
1139217
1139289
1139347
1139359
1139676
1139724
1139769
1139968
1140257
1140574
1140583
1141172
1141212
1141241
1141286
1141309
1141401
1141631
1141657
1141708
1141922
1141990
1142036
1142260
1142402
1142495
1142540
1142746
1142834
1143132
1143403
1143507
1143692
1143925
1144090
1144568
1144683
1144701
1144752
1145052
1145104
1145207
1145539
1145594
1145648
1146017
1146299
1146315
1146382
1146836
1146855
1146918
1146931
1147326
1147545
1147686
1147784
1148182
1148529
1148699
1148724
1148772
1148881
1148902
1149018
1149079
1149354
1149425
1149497
1149859
1149888
1149892
1149975
1150027
1150221
1150469
1150606
1150731
1150837
1151018
1151096
1151572
1151587
1151729
1151770
1151865
1152034
1152254
1152582
1152700
1152726
1152793
1153020
1153309
1153679
1153802
1153990
1154044
1154116
1154437
1154588
1154803
1155347
1155564
1155680
1156003
1156072
1156329
1156722
1157387
1157489
1157542
1157583
1157684
1157706
1157714
1157788
1157815
1157839
1158494
1158573
1158660
1158728
1158817
1158920
1158933
1158971
1159111
1159292
1159332
1159463
1159528
1160006
1160020
1160110
1160452
1160526
1160589
1160679
1160766
1160827
1160946
1160981
1161197
1161292
1161393
1161545
1161903
1162038
1162115
1162440
1162645
1162748
1162863
1162902
1163134
1163354
1163729
1164114
1164159
1164211
1164468
1164579
1164658
1165799
1166001
1166052
1166123
1166373
1166395
1166465
1166488
1166577
1166594
1166691
1166758
1166874
1166897
1167277
1167403
1167578
1167614
1167779
1168168
1168321
1168382
1168681
1168711
1169296
1169310
1169560
1169668
1169673
1169759
1169843
1170102
1170506
1170690
1170725
1170918
1171143
1171293
1171537
1171680
1171995
1172259
1172361
1172422
1172481
1172528
1172818
1173046
1173129
1173236
1173477
1173609
1173914
1174144
1174507
1174535
1174829
1175031
1175062
1175251
1175608
1175639
1175729
1175764
1175888
1175926
1175961
1176012
1176041
1176098
1176146
1176223
1176240
1176387
1176400
1176627
1176928
1177087
1177449
1177473
1177626
1177719
1177876
1177943
1178033
1178059
1178342
1178434
1178561
1178623
1178657
1178794
1178884
1179140
1179316
1179330
1179349
1179471
1179539
1179648
1179897
1179937
1180269
1180530
1180832
1181162
1181351
1181395
1181465
1181577
1181594
1181610
1181874
1182101
1182199
1182227
1182249
1182390
1182460
1182483
1182536
1182677
1182806
1182989
1183011
1183025
1183275
1183724
1183772
1184154
1184163
1184348
1184458
1184493
1184894
1184901
1184976
1185148
1185172
1185187
1185191
1185452
1185517
1185575
1185631
1185782
1185849
1185922
1186021
1186407
1186637
1186804
1186831
1186936
1187061
1187130
1187321
1187394
1187654
1187810
1187918
1188016
1188030
1188239
1188535
1188581
1188633
1188837
1188853
1188974
1189069
1189147
1189165
1189225
1189256
1189337
1189504
1189781
1189921
1189994
1190038
1190097
1190244
1190289
1190645
1190667
1190787
1190973
1191468
1191540
1191579
1191834
1191845
1191852
1191915
1191966
1192092
1192136
1192434
1192480
1192657
1192708
1192802
1192827
1192830
1192849
1193013
1193099
1193414
1193758
1194015
1194082
1194125
1194138
1194142
1194259
1194463
1194727
1194857
1195189
1195277
1195334
1195796
1196128
1196295
1196705
1196712
1197019
1197022
1197170
1197269
1197318
1197379
1198064
1198070
1198135
1198218
1198583
1198616
1198627
1198668
1198759
1198788
1198839
1198980
1199201
1199520
1199797
1199918
1199923
2500237
2502025
2502462
2502505
2503062
2503888
2504693
2506351
2507997
2508996
2509041
2509952
2510027
2510158
2511555
2512263
2512726
2513298
2513428
2513708
2515025
2515060
2515333
2515392
2515601
2516754
2516943
2517324
2517792
2518832
2518906
2519142
2519407
2519924
2520690
2521275
2521293
2521388
2521667
2522160
2522332
2524578
2524614
2525319
2525363
2526041
2526391
2526525
2526542
2526882
2527010
2527106
2529118
2529263
2530105
2532167
2533736
2536936
2537075
2537127
2538313
2538507
2539867
2539994
2541310
2541387
2542767
2542906
2543288
2547169
2547851
2548763
2548915
2549376
2549448
2550545
2551578
2552315
2553119
2553980
2554009
2554748
2555024
2555242
2555719
2556272
2556340
2556379
2556959
2558744
2559413
2560181
2560426
2561445
2562600
2562943
2563126
2563282
2563424
2563886
2564105
2564527
2564861
2566184
2566663
2567138
2567288
2567862
2567885
2568680
2570347
2570404
2570878
2572679
2574021
2574094
2574109
2575522
2575633
2576216
2576438
2578630
2578901
2579405
2579588
2579887
2580577
2581000
2581520
2581571
2582051
2582345
2582837
2582870
2584497
2584572
2586212
2586397
2587835
2587863
2588125
2588233
2589568
2591272
2591331
2591609
2591889
2591914
2593486
2593622
2594241
2595214
2596671
2596829
2596997
2597013
2597672
2598354
3200298
3201156
3201831
3201948
3202226
3202314
3202365
3202628
3202634
3202791
3203859
3204072
3204225
3204283
3204402
3204518
3204540
3204617
3205112
3205186
3205482
3205625
3205875
3206577
3206793
3206905
3207535
3208382
3208412
3208571
3209649
3209720
3209850
3210208
3210614
3210779
3211040
3212104
3212254
3212488
3212543
3212929
3213088
3213338
3213618
3213657
3213782
3213981
3214711
3214848
3215038
3215951
3217296
3217303
3217945
3218007
3218269
3218272
3218988
3219015
3219987
3220116
3220979
3221108
3221200
3221537
3221724
3221807
3222043
3222206
3222214
3222454
3222545
3224126
3224352
3224403
3225307
3226037
3226417
3226542
3226952
3227693
3227781
3227876
3227880
3227908
3228270
3228544
3228743
3228830
3228990
3229775
3229793
3230584
3230609
3231700
3232639
3233359
3233537
3233995
3234489
3234714
3235187
3235229
3235895
3235954
3236300
3236702
3236795
3236955
3237299
3238250
3238282
3238620
3238740
3239834
3239977
3240145
3241627
3241684
3241934
3241967
3242035
3242304
3242642
3243259
3243513
3243910
3244539
3244594
3245350
3245412
3245957
3245962
3246194
3246314
3246392
3246431
3247325
3247593
3247631
3247715
3247777
3248188
3248504
3248719
3249208
3249731
3249925
3250039
3250174
3250716
3250730
3250751
3251002
3251277
3251614
3253262
3254042
3254177
3254652
3254819
3255133
3256224
3256466
3256858
3257113
3257167
3257729
3257892
3258001
3258235
3258433
3258744
3258937
3260928
3261110
3261187
3261325
3261750
3262813
3263647
3263779
3264224
3265028
3265582
3265687
3265838
3267206
3268485
3268628
3268787
3269023
3269062
3269128
3269145
3269180
3269335
3269409
3269888
3271473
3271626
3271658
3271977
3272544
3272589
3272777
3272868
3272954
3274454
3274478
3274528
3274773
3275448
3275960
3276079
3276335
3276639
3276677
3276932
3277516
3278240
3278684
3278850
3279607
3279654
3279756
3279803
3282193
3282243
3282956
3283722
3283834
3284859
3285041
3285231
3285952
3286499
3286526
3286816
3287586
3287846
3288991
3289992
3291153
3291516
3291527
3292053
3292980
3293394
3293437
3293887
3294708
3294750
3295109
3295174
3295653
3295686
3296189
3296581
3298216
3298608
3298932
3299371
3299564
3299822
3300369
3302430
3302585
3303158
3303938
3304081
3304660
3304728
3304861
3305488
3305732
3305761
3306486
3306520
3306810
3307043
3307948
3308392
3308404
3308423
3308927
3309859
3310292
3310454
3310605
3310664
3310730
3311266
3311301
3311424
3311546
3312093
3312184
3312339
3312622
3312931
3313098
3313181
3313444
3313649
3313866
3313901
3314166
3314320
3314347
3314457
3315225
3315341
3315364
3315921
3315977
3317615
3317900
3317932
3318219
3318582
3318603
3318687
3319802
3320166
3320423
3321091
3321274
3321337
3321504
3321966
3322006
3322059
3322229
3322517
3323717
3324407
3325942
3326128
3326227
3326536
3326806
3326989
3327164
3327255
3327287
3327889
3328303
3328560
3329607
3329774
3330700
3331690
3332614
3333069
3334101
3334180
3334378
3334932
3335041
3335369
3335627
3335765
3336103
3336640
3337485
3338214
3338300
3338653
3338670
3339007
3339362
3339660
3339701
3340161
3340455
3340590
3341216
3341273
3341346
3341677
3342610
3342811
3342912
3342998
3343360
3343383
3343532
3343721
3343873
3345139
3345748
3346055
3346159
3347119
3347511
3347538
3347706
3347877
3348638
3348752
3349111
3349545
3349599
3350187
3351670
3352388
3352537
3352835
3353062
3353295
3353378
3353865
3354754
3355396
3355502
3356052
3356123
3356459
3357250
3357812
3357864
3358622
3358774
3359041
3359387
3359475
3359630
3359792
3360062
3360085
3360180
3360442
3360677
3360682
3361064
3361146
3361668
3361720
3361747
3362584
3362947
3362988
3363840
3364052
3364316
3364732
3364838
3364856
3365321
3365405
3365547
3365619
3365810
3365887
3365931
3366388
3366586
3366676
3367110
3367169
3367963
3368055
3368091
3368921
3369487
3370048
3370165
3370171
3370211
3370531
3370943
3371203
3371210
3371494
3371697
3371826
3372098
3372489
3372649
3372651
3373382
3373855
3373887
3373940
3375463
3375481
3375605
3375653
3375686
3376294
3376301
3376535
3376647
3376779
3376974
3377118
3378128
3378677
3379457
3379819
3379890
3380061
3380520
3380848
3380904
3381025
3381258
3381703
3381930
3381951
3382156
3382233
3382247
3382478
3382698
3382823
3383198
3383595
3384399
3384469
3385497
3385615
3385892
3386355
3387337
3387626
3387763
3387982
3388270
3388325
3388397
3388480
3388558
3388777
3389433
3389732
3389838
3390170
3391099
3391162
3391222
3391349
3391492
3391624
3392251
3392411
3392847
3392932
3393177
3393244
3393347
3393496
3393835
3394223
3394882
3395092
3396043
3396885
3397738
3398448
3399661
3399966
3600492
3600811
3600964
3601075
3603188
3604871
3604989
3605262
3605489
3605583
3606827
3607404
3607930
3608358
3608534
3608749
3608896
3609914
3610710
3610755
3612229
3613235
3614862
3615132
3616018
3616712
3616741
3617745
3619366
3621614
3621853
3624306
3624902
3625966
3626914
3627591
3628001
3630064
3630651
3633704
3633723
3634063
3636646
3637160
3637375
3639425
3639497
3641767
3641920
3644092
3644229
3644338
3644873
3644884
3645664
3647582
3648503
3650000
3653022
3653965
3654208
3654215
3654294
3654535
3654779
3655753
3656444
3659131
3660081
3660734
3661351
3661395
3662460
3662569
3663009
3667026
3668313
3670189
3671018
3671975
3672373
3672825
3673169
3673342
3673766
3675115
3675217
3675306
3675359
3676329
3677240
3682505
3682680
3683040
3684876
3685153
3686316
3687051
3688093
3689218
3690251
3690608
3690712
3694691
3694838
3695093
3695130
3695377
3695797
3698880
3698977
3700091
3700188
3700982
3701063
3701530
3701642
3701780
3702204
3703663
3704187
3704827
3704946
3704954
3705896
3706403
3706925
3708390
3711855
3711940
3712688
3713370
3713402
3713746
3714101
3714216
3714621
3714926
3715070
3716088
3716589
3717440
3717634
3718300
3718972
3719007
3719450
3720591
3722129
3722502
3722701
3724648
3727907
3728091
3728402
3728781
3729507
3729785
3732058
3733630
3734703
3735596
3735950
3736318
3737729
3738937
3739059
3739623
3740184
3740506
3740962
3742174
3742233
3742924
3743019
3743745
3744084
3744158
3744870
3745096
3746733
3748922
3749459
3750291
3750408
3750549
3750734
3751717
3751809
3752152
3752483
3754714
3754894
3755065
3755467
3755679
3757343
3757774
3757855
3759072
3760150
3760261
3761087
3761495
3761658
3762110
3763672
3764784
3765189
3766536
3768493
3769000
3769044
3769547
3770952
3772626
3772763
3773757
3774287
3774340
3774466
3774780
3776058
3777576
3778418
3778570
3780243
3780620
3780909
3782539
3782970
3783383
3783743
3786133
3787135
3787649
3788186
3788893
3789326
3789751
3789768
3791903
3792108
3792232
3792854
3793814
3794518
3797659
3798464
3798690
3799086
3799771
3800002
3800084
3800507
3800554
3800581
3800938
3801101
3801145
3801346
3801381
3801753
3801865
3802013
3802471
3802594
3802610
3802624
3802700
3802793
3802874
3802937
3803500
3803618
3803623
3803743
3803895
3803990
3804032
3804130
3804173
3804280
3804343
3804394
3804441
3804619
3804654
3804957
3805074
3805121
3805359
3805479
3805787
3805854
3805902
3805951
3805973
3805995
3806370
3806504
3806754
3806834
3806908
3807086
3807098
3807181
3807444
3807714
3807733
3807901
3807976
3808728
3808933
3808988
3809183
3809265
3809567
3810064
3810098
3810538
3810616
3810808
3810894
3811065
3811264
3811401
3811445
3811685
3811884
3811978
3812036
3812072
3812427
3812504
3812585
3812658
3812852
3813095
3813294
3813367
3813491
3813519
3813614
3813688
3813692
3813740
3813762
3813805
3813942
3813960
3813974
3814063
3814198
3814236
3814584
3814625
3814656
3814906
3814947
3815076
3815123
3815302
3815433
3815594
3815655
3815761
3815789
3815856
3815929
3816102
3816116
3816437
3816498
3816559
3816756
3816940
3817039
3817094
3817389
3817545
3817716
3817749
3817751
3817879
3818194
3818258
3818333
3818541
3818736
3818846
3818927
3818930
3819101
3819176
3819180
3819273
3819666
3819770
3819798
3819888
3820090
3820186
3820357
3820396
3820439
3820450
3820674
3821052
3821492
3821744
3821842
3822230
3822442
3822536
3822608
3822729
3822798
3822888
3823025
3823038
3823042
3823150
3823166
3823392
3823457
3823479
3823724
3823736
3823835
3823930
3824223
3824303
3824369
3824372
3824444
3824475
3824720
3825014
3825033
3825205
3825397
3825413
3825434
3825558
3825631
3825640
3825721
3826358
3826419
3826730
3826948
3827000
3827044
3827299
3827709
3828002
3828175
3828519
3828704
3828796
3828853
3828942
3828983
3829165
3829504
3829557
3829579
3829585
3829693
3829763
3829813
3829845
3829899
3829939
3830115
3830333
3830365
3830676
3830791
3830902
3831003
3831147
3831171
3831188
3831386
3831632
3831852
3832020
3832136
3832169
3832172
3832356
3832401
3832452
3832623
3832662
3832884
3832895
3833316
3833349
3833351
3833515
3833744
3833883
3833897
3834265
3834407
3834435
3834534
3834795
3834823
3835410
3835665
3836128
3836268
3836322
3836438
3836536
3836639
3836753
3836764
3836926
3837090
3837164
3837203
3837255
3837439
3837551
3837697
3837776
3838107
3838135
3838181
3838560
3838706
3838788
3838808
3838894
3838934
3838976
3839127
3839234
3839280
3839308
3839394
3839470
3839592
3839756
3839962
3840020
3840212
3840229
3840360
3840517
3840575
3840696
3840739
3840849
3840907
3840990
3841265
3841716
3841840
3842166
3842194
3842226
3842724
3842787
3842890
3842916
3843018
3843456
3843682
3843694
3843737
3843871
3843932
3844192
3844225
3844398
3844427
3844473
3844540
3844557
3844845
3845203
3845780
3845844
3845858
3846013
3846351
3846624
3847030
3847051
3847144
3847380
3847659
3847671
3847723
3847731
3848000
3848089
3848195
3848412
3848592
3848678
3848709
3848918
3848979
3849218
3849324
3849511
3849673
3849771
3849901
3850031
3850378
3850524
3850859
3850871
3850917
3851053
3851204
3851538
3851597
3851668
3852007
3852340
3852408
3852817
3853015
3853300
3853389
3853478
3853481
3853840
3854052
3854263
3854281
3854610
3854700
3854842
3854897
3854964
3855089
3855093
3855116
3855130
3855437
3855547
3855607
3855619
3855646
3856182
3856226
3856289
3856392
3856634
3856995
3857006
3857264
3857919
3857954
3858165
3858305
3858504
3858626
3858834
3859016
3859221
3859578
3859620
3859718
3859805
3859942
3859983
3860389
3861016
3861313
3861911
3861956
3861983
3861997
3862075
3862151
3862228
3862592
3862918
3862931
3863310
3863444
3863458
3863733
3863821
3863839
3863850
3864166
3864261
3864748
3864878
3865159
3865540
3865735
3865763
3866078
3866752
3866861
3867572
3867814
3868028
3868034
3868222
3868373
3868811
3868874
3869103
3869205
3869360
3869401
3869517
3869544
3869766
3869802
3870131
3870222
3870543
3870717
3870775
3870998
3871234
3871429
3871783
3871979
3872084
3872424
3872522
3872812
3872853
3873114
3873386
3873451
3873484
3873661
3873746
3873982
3874128
3874199
3874295
3874319
3874322
3874847
3874975
3875086
3875372
3875509
3875695
3875771
3875788
3875913
3875980
3876006
3876033
3876071
3876476
3876618
3876873
3877060
3877108
3877404
3877418
3877724
3877927
3878082
3878259
3878534
3878580
3878653
3878896
3878972
3879105
3879224
3879379
3879584
3880024
3880036
3880171
3880449
3880693
3880754
3881224
3881248
3881291
3881450
3881752
3881933
3882119
3882279
3882355
3882509
3882771
3883130
3883514
3883635
3883709
3883711
3883869
3884033
3884103
3884270
3884631
3884640
3884743
3884981
3885082
3885197
3885214
3885332
3885501
3885599
3885653
3885987
3886016
3886193
3886282
3886455
3886704
3886785
3886886
3887219
3887327
3887636
3887655
3887726
3887842
3887953
3888273
3888460
3888587
3888682
3888753
3888926
3889108
3889143
3889293
3890075
3890127
3890276
3890382
3890520
3890565
3890654
3891289
3891404
3891703
3891791
3891822
3891916
3892015
3892039
3892389
3892955
3893248
3893287
3893331
3893357
3893584
3893642
3893920
3893959
3894117
3894403
3894424
3894554
3894718
3894805
3894886
3894925
3895319
3895650
3895677
3895958
3896560
3896673
3896815
3896882
3897024
3897557
3897977
3898169
3898205
3898286
3898434
3898604
3898631
3898739
3898782
3899001
3899080
3899118
3899433
3899465
3899492
3899636
3899717
3899758
3899941
3900129
3900236
3900304
3900609
3901052
3901162
3901185
3901368
3901373
3901603
3901793
3902134
3902249
3902363
3902378
3902442
3902643
3902892
3903009
3903097
3903115
3903232
3903440
3903485
3903634
3903699
3903927
3903949
3904178
3904218
3904310
3904369
3904432
3904538
3904556
3904771
3905452
3905618
3905708
3905782
3905816
3906259
3906292
3906344
3906463
3906481
3906490
3906528
3907498
3907760
3907940
3908002
3908175
3908215
3908239
3908250
3908266
3908448
3908519
3908659
3908812
3908942
3908960
3909114
3909242
3909473
3909557
3909644
3909658
3909939
3910089
3910093
3910127
3910848
3910855
3911392
3911769
3911984
3912259
3912265
3912545
3912727
3912840
3912885
3912910
3913019
3913090
3913272
3913573
3913701
3914073
3914189
3914410
3914898
3915023
3915587
3915859
3916257
3916461
3916493
3916525
3916877
3916952
3916980
3917055
3917087
3917430
3917495
3917579
3917675
3917778
3917876
3918020
3918059
3918065
3918172
3918604
3918618
3918782
3918794
3919717
3920294
3920455
3920925
3921167
3921176
3921284
3921409
3921798
3921958
3921961
3922045
3922104
3922246
3922281
3922290
3922406
3922672
3922732
3922838
3922929
3923187
3923241
3923298
3923526
3923558
3923739
3923743
3923851
3923990
3924017
3924089
3924093
3924280
3924711
3924904
3924985
3925388
3925645
3925769
3926192
3926531
3926600
3926719
3927135
3927190
3927231
3927489
3927509
3927574
3927771
3928081
3928112
3928129
3928137
3928164
3928595
3928701
3928875
3928889
3929021
3929050
3929082
3929111
3929653
3929664
3929730
3930212
3930356
3930434
3930445
3930589
3930623
3931008
3931138
3931197
3931481
3931702
3931862
3931924
3932025
3932217
3932293
3932496
3932628
3932724
3933460
3933591
3933608
3933694
3933770
3933814
3933833
3934024
3934048
3934114
3934165
3934364
3934449
3934746
3934790
3934852
3934899
3935153
3935164
3935287
3935408
3936222
3936395
3936488
3937193
3937455
3937614
3937692
3937805
3937911
3938044
3938116
3938267
3938280
3938412
3938498
3938738
3938904
3938957
3939037
3939204
3939489
3939630
3939695
3939771
3939792
3939850
3939928
3940150
3940217
3940232
3940258
3940418
3940541
3940628
3940652
3940676
3940984
3941147
3941274
3941312
3941337
3941632
3941658
3941915
3941943
3942092
3942241
3942253
3942467
3942480
3942662
3942750
3942830
3942990
3943263
3943488
3943539
3943550
3943577
3943732
3943761
3943842
3943905
3943953
3944039
3944233
3944545
3944686
3944972
3945051
3945132
3945399
3945403
3945436
3945448
3945455
3945723
3945731
3945796
3946677
3946798
3947090
3947137
3947210
3947323
3947660
3947875
3947988
3948029
3948119
3948279
3948556
3948602
3948616
3948913
3948967
3948999
3949184
3949195
3949299
3949571
3949711
3949756
3949923
3950028
3950384
3950465
3950521
3950550
3950744
3951619
3951622
3951931
3952215
3952282
3952294
3952380
3952436
3952487
3952563
3952762
3952796
3953069
3953305
3953386
3953451
3953579
3953707
3953754
3953763
3953915
3953943
3954040
3954079
3954085
3954786
3955012
3955218
3955231
3955475
3955560
3955627
3955651
3955850
3956047
3956110
3956356
3956544
3956708
3957121
3957586
3957676
3958220
3958288
3958727
3958730
3958955
3959450
3959697
3959832
3959914
3960238
3960337
3960562
3960658
3960801
3961007
3961112
3961224
3961439
3961611
3961799
3961817
3961889
3962064
3962574
3962839
3963276
3963547
3963663
3963797
3964006
3964110
3964311
3964428
3964452
3964500
3964696
3964777
3964830
3964849
3964873
3965125
3965375
3965419
3965478
3966002
3966027
3966215
3966221
3966578
3966688
3966812
3966909
3966956
3967140
3967687
3968202
3968411
3968548
3968639
3968694
3968753
3968847
3968926
3968932
3969074
3969275
3969392
3969404
3969462
3969479
3969553
3969835
3970639
3970926
3971154
3971218
3971417
3971475
3971489
3971493
3971882
3971913
3972170
3972362
3972530
3972549
3972584
3972656
3972701
3972728
3972734
3972858
3973015
3973247
3973567
3973629
3973702
3973818
3973910
3973936
3973991
3974001
3974278
3974281
3974368
3974395
3974937
3975366
3975429
3975506
3975619
3975622
3975635
3975824
3975848
3975872
3975904
3976485
3976819
3976835
3976968
3977020
3977136
3977237
3977413
3977696
3977743
3977849
3977868
3977954
3977963
3977990
3978120
3978427
3979068
3979448
3979522
3979578
3979740
3979898
3980125
3980138
3980160
3980265
3980407
3980454
3980599
3980716
3980896
3980972
3981051
3981250
3981301
3981352
3981469
3981507
3981563
3981718
3981870
3981956
3982044
3982533
3982622
3982887
3983119
3983432
3983999
3984038
3984359
3984365
3984613
3984667
3984769
3984916
3984968
3985260
3985283
3985370
3985735
3985876
3985899
3985943
3985982
3986439
3986584
3986595
3986713
3986933
3987460
3987569
3987926
3987993
3988080
3988131
3988327
3988492
3988610
3988648
3988883
3989270
3989298
3989342
3989445
3989623
3989715
3989739
3989743
3990107
3990135
3990163
3990218
3990369
3990372
3990426
3990792
3991071
3991110
3991136
3991191
3991212
3991743
3991794
3992087
3992260
3992632
3992644
3992781
3992813
3992845
3992876
3993100
3993301
3993403
3994105
3994357
3994450
3994817
3994889
3994965
3995222
3995290
3995406
3995471
3995488
3995669
3995717
3996089
3996093
3996102
3996267
3996350
3996382
3996506
3996559
3996663
3996855
3996904
3997043
3997077
3997156
3997422
3997478
3997641
3997686
3998074
3998097
3998121
3998293
3998710
3998927
3999023
3999031
3999085
3999167
3999639
3999989
4000774
4000803
4000836
4000923
4001025
4001388
4002094
4002197
4002407
4002768
4003269
4003340
4003625
4003826
4003889
4003971
4004126
4004189
4004243
4004785
4005134
4005227
4005753
4006372
4006444
4006649
4006651
4006894
4007003
4007165
4007238
4007416
4007722
4007950
4008270
4008298
4009123
4009465
4009471
4009691
4009758
4010010
4010072
4010225
4010523
4010661
4010943
4010977
4011291
4011893
4011992
4012355
4012556
4012668
4012695
4012821
4012877
4012934
4013000
4013017
4013151
4013245
4013506
4013891
4013979
4014103
4014169
4014205
4014311
4014467
4014499
4014766
4015233
4015407
4015823
4015831
4015903
4016027
4016208
4016367
4016436
4016671
4016762
4016864
4016997
4017067
4017162
4017414
4017582
4017610
4017842
4018307
4018483
4018497
4018591
4018737
4018764
4018786
4018975
4019457
4019634
4019676
4019769
4020270
4020532
4020827
4020868
4021214
4021361
4021513
4021751
4022038
4022042
4022365
4022699
4022791
4023145
4023249
4023409
4023666
4023741
4023798
4023917
4023944
4024036
4024209
4024283
4024473
4024495
4024531
4024689
4024813
4025287
4025477
4025713
4025799
4025959
4026327
4026610
4026912
4026970
4027095
4027277
4027535
4027578
4027620
4027633
4027647
4027731
4027762
4027925
4028089
4028533
4028559
4028654
4028738
4028904
4029037
4029231
4029285
4029303
4030018
4030569
4030694
4030944
4031296
4031310
4031627
4031759
4032129
4032269
4032291
4032408
4032611
4032701
4032752
4033214
4033446
4033490
4033534
4033629
4033641
4033840
4033972
4034246
4034406
4034420
4034492
4034603
4034687
4035044
4035061
4035234
4035377
4035486
4035533
4035646
4035887
4036553
4037827
4037954
4038192
4038256
4038329
4038337
4038398
4038495
4038504
4038518
4038531
4038557
4039049
4039175
4039328
4039472
4039665
4039779
4039796
4040112
4040164
4040255
4040450
4040551
4040858
4041543
4042040
4043121
4043306
4043835
4044053
4044296
4044369
4044387
4044400
4045413
4045445
4045480
4045532
4045657
4045981
4046050
4046233
4046288
4046389
4046730
4046896
4047228
4047592
4048100
4048208
4048215
4048352
4048581
4048886
4049048
4049087
4049165
4049225
4050232
4050258
4050333
4050423
4050634
4050652
4050890
4051283
4051312
4051341
4051596
4051763
4051828
4052059
4052253
4052286
4052401
4052604
4052623
4052873
4053013
4053222
4053235
4053302
4053492
4053775
4053838
4054174
4054446
4054599
4054749
4055117
4055126
4055277
4055785
4055805
4056057
4056216
4056227
4056503
4056729
4056741
4056770
4056871
4057019
4057340
4057494
4057530
4057674
4057767
4057800
4057947
4058005
4058135
4058489
4058759
4058788
4058808
4059075
4059394
4059405
4059441
4059464
4059470
4059486
4059619
4059810
4060123
4060179
4060235
4060543
4060941
4061075
4061412
4061464
4061588
4061607
4061711
4061923
4062436
4062829
4062841
4062983
4063133
4063188
4063632
4063790
4063982
4064335
4064354
4064569
4064798
4065574
4065771
4066148
4066662
4067009
4067083
4067182
4067431
4067564
4067699
4068292
4068358
4068641
4068795
4068823
4068840
4069105
4070576
4071665
4071870
4071983
4072725
4072824
4073163
4073240
4073257
4073324
4073913
4073945
4074244
4074479
4074724
4074772
4074787
4074927
4074968
4075165
4075449
4075899
4076745
4076752
4076906
4077079
4077510
4077764
4078028
4078034
4078246
4078278
4078373
4078717
4078986
4079229
4079325
4079467
4079954
4079981
4080190
4081047
4081342
4081401
4081500
4081873
4082531
4082689
4082852
4083100
4083266
4083898
4083974
4084105
4084466
4085278
4085349
4085515
4085543
4085594
4085636
4085856
4085905
4086195
4086280
4086470
4086520
4086622
4086783
4087050
4087125
4087501
4087576
4087612
4088143
4088150
4088293
4088365
4088505
4088570
4088634
4088822
4088846
4088878
4089202
4089524
4089833
4090266
4090841
4091134
4091199
4091216
4091307
4091650
4091833
4091926
4092067
4092080
4092162
4092235
4092330
4092521
4092648
4092669
4092700
4092905
4093065
4093148
4094343
4094366
4094654
4094985
4095479
4095772
4095787
4095916
4095984
4096024
4096274
4096337
4096341
4096644
4097597
4097630
4097788
4098988
4099094
4099125
4099197
4099375
4099528
4099924
4099948
4100098
4100178
4101047
4101212
4101253
4101360
4101895
4102689
4103161
4103208
4103352
4103692
4103785
4104129
4104362
4104530
4104573
4104638
4104701
4104889
4105013
4105219
4105254
4105290
4105874
4105937
4105986
4106102
4106514
4106725
4107111
4107156
4107259
4107419
4107580
4107629
4107879
4107987
4108505
4108791
4109004
4109199
4109363
4109411
4109483
4109503
4109555
4109569
4109643
4110422
4110580
4110716
4110862
4110987
4111100
4111313
4111334
4111448
4111522
4111647
4111911
4111974
4112276
4112405
4112514
4112681
4113190
4113303
4113369
4113556
4113602
4113850
4114854
4114949
4114973
4115225
4115312
4115337
4115531
4115557
4115626
4116153
4116272
4116568
4117284
4117694
4117737
4118373
4119311
4119631
4119907
4120038
4120060
4120143
4120333
4120628
4121091
4121209
4121484
4121557
4121801
4122237
4122309
4122794
4123131
4123384
4123789
4123793
4123986
4123998
4124039
4124332
4124361
4124545
4125002
4125410
4125731
4125841
4126134
4126202
4126572
4126705
4126820
4127007
4127137
4127291
4127551
4127800
4127826
4127988
4128086
4128240
4128509
4128542
4128597
4128649
4128976
4129116
4129470
4129678
4129756
4130076
4130179
4130515
4130582
4130636
4130897
4130970
4131151
4131213
4131299
4131394
4131453
4131848
4131891
4132027
4132051
4132084
4132563
4132853
4132925
4133120
4133256
4133386
4133449
4133468
4133754
4133921
4134004
4134113
4134152
4134295
4134319
4134425
4134888
4135279
4135511
4135574
4135714
4135850
4135976
4136526
4137423
4137457
4137485
4137724
4137787
4137968
4138247
4138292
4138393
4138716
4138840
4139170
4139236
4139396
4139642
4139734
4139780
4140301
4140399
4140491
4141176
4141363
4141712
4141892
4142162
4142351
4142543
4143065
4143212
4143286
4143434
4143526
4143816
4144276
4144486
4144520
4144690
4145009
4145258
4145306
4146114
4146283
4146585
4146600
4146754
4147163
4147190
4147348
4147369
4147511
4147525
4147720
4147733
4147821
4147894
4147913
4147945
4147980
4148236
4148291
4148674
4148683
4149050
4149094
4149481
4149730
4149857
4150092
4150360
4150397
4150593
4150696
4150827
4150830
4151043
4151082
4151214
4151481
4152139
4152440
4152479
4152791
4153572
4153639
4153871
4154192
4154364
4154370
4154518
4154880
4154977
4154982
4155022
4155466
4155595
4155683
4155832
4156099
4156447
4156603
4156809
4157068
4157243
4157266
4157367
4157762
4157864
4158044
4158321
4158453
4158663
4158957
4159369
4159444
4159509
4159556
4159894
4160411
4160456
4160503
4160608
4160764
4161041
4161714
4161821
4161945
4162198
4162203
4162482
4162638
4162799
4162889
4162992
4163138
4163463
4163501
4163552
4163910
4163936
4164235
4164290
4164302
4164471
4164515
4164744
4164937
4165149
4165201
4165213
4165464
4165709
4166258
4166613
4166628
4166676
4166680
4166769
4166902
4167047
4167428
4167480
4167558
4167739
4167919
4168003
4168091
4168312
4168661
4168763
4168977
4169049
4169208
4169301
4169403
4169909
4169911
4169925
4171019
4171105
4171287
4171477
4172163
4172285
4172417
4172426
4172432
4172720
4172877
4173405
4173533
4173797
4173803
4173918
4174014
4174124
4174270
4174360
4174575
4174685
4175422
4175664
4175910
4175987
4176829
4177281
4177406
4177515
4177566
4178145
4178381
4178643
4178741
4178865
4178958
4179822
4180245
4180412
4180506
4180571
4180663
4181074
4181244
4181258
4181371
4181541
4181930
4182043
4182206
4182903
4182936
4183269
4183362
4183674
4183832
4184144
4184424
4184487
4185113
4185230
4185322
4185438
4185820
4186154
4186336
4186369
4186511
4186792
4186952
4187072
4187305
4187341
4187451
4187531
4187763
4188103
4188110
4188172
4188558
4188593
4188679
4188696
4188739
4189131
4189717
4189732
4189809
4190170
4190203
4190272
4190530
4191118
4191222
4191302
4191669
4191732
4191856
4192411
4192737
4192786
4193457
4193724
4193916
4194119
4194146
4194668
4194877
4195517
4195589
4195623
4195895
4196021
4196183
4196823
4197102
4197315
4197559
4198002
4198027
4198352
4198376
4198606
4198841
4199024
4199114
4199159
4199661
4199852
4199966
4199994
4400263
4400281
4400447
4400577
4400636
4400825
4400860
4400937
4400986
4401377
4401506
4401559
4401797
4401824
4401872
4401904
4401940
4402221
4402282
4402448
4402554
4402563
4402581
4402665
4402911
4402942
4402956
4403114
4403256
4403329
4403353
4403495
4403518
4403585
4403626
4403778
4403781
4403834
4403867
4404096
4404176
4404319
4404322
4404510
4404524
4404572
4404764
4404820
4404900
4404926
4405037
4405086
4405107
4405285
4405310
4405372
4405538
4405649
4405714
4405821
4406059
4406088
4406124
4406264
4406401
4406445
4406623
4406922
4406935
4407143
4407150
4407166
4407177
4407217
4407226
4407440
4407496
4407598
4407613
4408109
4408183
4408197
4408220
4408288
4408361
4408419
4408580
4408653
4408686
4408879
4408903
4409090
4409255
4409291
4409713
4409799
4409800
4409920
4410038
4410121
4410258
4410703
4410724
4410835
4410846
4410951
4411260
4411386
4411523
4411845
4412229
4412445
4412743
4412907
4413028
4413099
4413179
4413207
4413302
4413459
4413465
4413515
4413603
4413758
4414300
4414576
4414730
4414768
4414857
4414972
4415049
4415144
4415277
4415563
4415581
4415606
4415614
4415665
4415671
4415692
4415960
4416079
4416251
4416335
4416346
4416378
4416587
4416615
4416650
4416859
4416932
4416989
4417063
4417164
4417304
4417323
4417408
4417799
4418355
4418458
4418651
4418684
4418695
4418877
4419000
4419173
4419213
4419276
4419382
4419437
4419520
4419559
4419760
4419803
4419957
4420015
4420125
4420174
4420197
4420206
4420375
4420435
4420501
4420698
4420702
4420716
4420969
4420991
4421161
4421266
4421345
4421403
4421507
4421522
4421688
4421785
4421829
4421909
4422044
4422234
4422252
4422299
4422350
4422437
4422756
4422810
4422824
4422855
4422872
4422996
4423005
4423098
4423475
4423493
4423556
4423597
4423602
4423684
4423808
4423952
4424462
4424676
4424930
4424984
4425188
4425242
4425297
4425329
4425473
4425484
4425658
4425781
4426063
4426081
4426141
4426203
4426421
4426443
4426549
4426767
4426776
4426875
4427145
4427202
4427273
4427363
4427510
4427643
4427682
4427814
4428013
4428140
4428246
4428373
4428672
4428691
4428700
4428860
4429014
4429071
4429922
4429990
4430119
4430181
4430432
4430511
4430630
4430882
4430928
4431033
4431191
4431360
4431544
4431589
4432003
4432036
4432120
4432242
4432305
4432370
4432402
4432449
4432579
4432661
4432735
4432763
4432834
4432939
4432982
4433294
4433352
4433606
4433898
4433925
4434584
4434595
4434638
4434767
4434875
4435330
4435539
4435566
4435610
4435655
4435953
4436061
4436622
4436663
4436783
4436824
4436931
4437043
4437125
4437435
4437463
4437490
4437653
4437664
4437818
4437987
4438074
4438359
4438418
4438440
4438457
4438553
4438748
4438772
4438791
4438863
4439018
4439176
4439230
4439438
4439460
4439497
4439503
4439569
4439591
4439729
4439753
4439892
4440133
4440171
4440353
4440950
4441137
4441164
4441236
4441304
4441323
4441340
4441439
4441494
4441502
4441697
4441799
4441906
4442154
4442204
4442240
4442560
4442759
4442894
4443044
4443405
4443437
4444014
4444172
4444452
4444467
4444604
4444816
4444830
4444868
4444954
4445077
4445160
4445730
4445749
4445773
4446436
4446448
4446581
4446692
4446829
4447001
4447373
4447838
4448167
4448378
4448390
4448555
4448569
4448741
4448944
4449541
4449553
4449787
4450017
4450382
4450506
4450592
4450654
4450725
4450904
4450979
4451150
4451462
4451479
4451505
4451613
4451676
4451724
4451772
4451819
4452326
4452407
4452446
4452481
4452664
4452716
4452768
4452831
4452857
4452924
4452972
4452987
4453078
4453477
4453516
4453549
4453638
4453817
4453861
4453992
4454027
4454049
4454051
4454277
4454399
4454487
4454620
4454633
4454757
4454812
4455062
4455460
4455474
4455483
4455591
4455615
4455712
4455764
4455871
4455900
4456107
4456240
4456372
4456391
4456597
4457225
4457242
4457416
4457531
4457585
4457834
4457908
4458065
4458229
4458374
4458401
4458434
4458499
4458544
4458558
4458575
4458618
4458631
4458907
4459045
4459099
4459123
4459222
4459254
4459327
4459420
4459433
4459744
4460078
4460385
4460477
4460502
4460683
4460799
4460826
4461076
4461080
4461235
4461302
4461465
4461508
4461521
4461577
4461624
4461775
4461842
4461874
4462004
4462062
4462085
4462096
4462145
4462295
4462307
4462524
4462639
4462705
4462859
4463038
4463074
4463108
4463115
4463404
4463418
4463553
4463601
4463676
4463680
4463854
4464005
4464190
4464231
4464458
4464616
4464843
4464850
4465047
4465212
4465311
4465360
4465374
4465383
4465434
4465558
4465715
4465721
4465830
4466094
4466156
4466160
4466393
4466612
4466749
4466784
4466972
4467032
4467116
4467245
4467276
4467394
4467607
4467678
4467681
4467742
4467957
4468352
4468455
4468590
4468614
4468757
4468942
4469133
4469398
4469540
4469600
4469693
4469763
4470068
4470126
4470175
4470250
4470294
4470328
4470469
4470535
4470554
4470590
4470606
4470723
4471113
4471167
4471199
4471319
4471865
4471926
4472034
4472104
4472157
4472263
4472281
4472290
4472316
4472368
4472488
4472775
4472838
4472905
4472912
4473033
4473264
4473500
4473575
4473849
4473895
4474032
4474044
4474127
4474201
4474453
4474559
4474654
4474678
4474803
4475025
4475108
4475143
4475150
4475217
4475371
4475392
4475423
4475529
4475680
4475854
4475973
4475984
4476260
4476689
4477154
4477190
4477355
4477400
4477511
4477684
4477839
4477901
4478304
4478466
4478551
4478625
4478752
4478826
4478971
4479214
4479478
4479576
4479629
4479698
4479885
4479910
4480618
4480623
4480679
4480708
4480873
4480963
4480990
4481094
4481109
4481111
4481138
4481156
4481393
4481528
4481804
4481879
4481910
4482038
4482097
4482115
4482275
4482314
4482388
4482512
4482822
4482854
4483113
4483176
4483180
4483199
4483216
4483503
4483621
4483975
4484091
4484242
4484364
4484370
4484416
4484430
4484518
4484523
4484585
4484617
4484626
4484908
4484950
4485007
4485022
4485198
4485272
4485568
4485584
4485625
4485713
4485734
4485826
4485988
4486013
4486099
4486222
4486384
4486414
4486459
4486550
4486610
4486897
4486905
4486964
4487158
4487161
4487239
4487277
4487301
4487399
4487436
4487581
4487633
4487938
4488350
4488592
4488607
4488887
4488985
4489204
4489240
4489279
4489310
4489372
4489387
4489493
4489720
4490503
4490737
4490798
4490859
4491070
4491107
4491122
4491489
4491597
4491913
4491945
4491952
4492129
4492236
4492248
4492439
4492443
4492466
4492551
4492752
4492767
4492992
4493039
4493125
4493528
4493629
4493653
4493702
4493727
4493823
4494034
4494052
4494067
4494104
4494140
4494222
4494281
4494368
4494420
4494672
4494897
4495044
4495058
4495213
4495321
4495607
4495738
4495783
4496182
4496457
4496479
4496496
4496529
4496645
4496881
4497148
4497434
4497445
4497593
4497685
4497907
4497990
4498283
4498353
4498484
4498562
4498579
4498707
4498908
4499027
4499221
4499345
4499376
4499448
4499960
4499974
4500095
4500215
4500614
4500718
4500870
4501004
4501354
4501363
4501682
4501737
4501806
4501888
4501958
4502157
4502219
4502222
4502290
4502327
4502351
4502655
4502811
4502825
4503124
4503309
4503325
4503532
4504000
4504017
4504245
4504756
4504810
4504979
4505121
4505177
4505200
4505226
4505333
4505462
4505496
4505916
4505995
4506069
4506072
4506211
4506329
4506427
4506596
4506707
4506781
4506852
4506867
4506908
4507012
4507098
4507417
4507525
4507597
4508112
4508248
4508255
4508340
4508450
4508477
4508893
4508992
4509043
4509111
4509545
4510005
4510135
4510509
4510574
4510771
4510934
4510945
4511047
4511241
4511325
4511480
4511946
4511981
4512010
4512069
4512225
4512370
4512402
4512658
4512719
4512735
4512852
4513049
4513158
4513221
4513313
4513352
4513376
4513841
4513938
4514054
4514112
4514340
4514385
4514415
4514494
4514549
4514713
4514752
4514817
4515034
4515118
4515140
4515395
4515406
4515691
4515793
4515860
4515897
4516366
4516470
4516506
4516565
4516571
4516635
4516923
4517021
4517125
4517156
4517197
4517288
4517326
4517332
4517478
4517653
4517716
4517862
4518150
4518226
4518333
4518791
4518881
4519216
4519425
4519438
4519741
4519926
4520019
4520063
4520112
4520186
4520477
4520780
4520800
4520933
4521052
4521235
4521327
4521395
4521406
4521459
4521842
4522113
4522346
4522363
4522381
4522411
4522456
4522460
4522483
4522555
4522608
4522798
4522900
4522975
4522989
4523056
4523083
4523115
4523182
4523194
4523365
4523496
4523724
4523748
4523902
4523916
4524086
4524154
4524369
4524602
4524630
4524649
4524815
4524843
4524928
4524934
4524967
4525020
4525059
4525172
4525311
4525401
4525685
4525782
4525895
4525978
4525981
4526008
4526094
4526138
4526332
4526490
4526641
4526751
4527093
4527168
4527382
4527394
4527520
4527783
4528144
4528215
4528239
4528266
4528424
4528487
4528522
4528841
4528997
4529402
4529921
4529982
4530371
4530457
4530807
4530822
4531024
4531192
4531242
4531473
4531557
4531644
4531675
4531781
4531852
4532059
4532136
4532270
4532286
4532777
4532922
4533179
4533433
4533465
4533521
4533648
4533732
4533809
4534082
4534094
4534109
4534125
4534259
4534567
4534612
4535100
4535403
4535898
4535925
4536004
4536031
4536079
4536249
4536346
4536390
4536741
4536814
4536820
4536975
4536989
4537007
4537054
4537105
4537236
4537248
4537379
4537482
4537595
4537817
4537858
4537992
4538070
4538204
4538257
4538458
4538511
4538821
4539116
4539151
4539245
4539276
4539280
4539366
4539405
4539453
4539506
4539681
4539690
4539725
4539756
4539783
4540241
4540401
4540434
4540526
4540532
4540907
4541015
4541039
4541077
4541082
4541220
4541247
4541612
4541903
4541924
4541936
4541972
4541991
4542011
4542042
4542097
4542226
4542258
4542306
4542553
4542676
4542927
4542930
4542973
4543167
4543176
4543180
4543456
4543555
4543591
4543615
4543694
4543798
4543814
4543847
4543871
4543932
4544055
4544209
4544242
4544353
4544495
4544518
4544852
4545141
4545186
4545861
4545914
4546028
4546162
4546246
4546263
4546492
4546726
4546744
4546811
4546986
4547208
4547239
4547367
4547436
4547469
4547620
4547779
4547785
4547829
4547911
4547983
4547997
4548168
4548245
4548267
4548299
4548394
4548437
4548635
4548663
4548678
4548810
4548855
4548962
4549107
4549135
4549262
4549279
4549400
4549684
4549714
4549733
4550145
4550199
4550425
4550510
4550666
4550705
4550786
4550888
4550926
4551012
4551119
4551231
4551355
4551369
4551444
4551493
4551525
4551934
4552019
4552141
4552236
4552318
4552331
4552362
4552530
4552609
4552697
4552701
4552752
4552799
4552988
4553332
4553463
4553576
4553641
4553903
4553924
4553987
4554028
4554222
4554235
4554246
4554263
4554302
4554543
4554789
4555149
4555382
4555533
4555622
4555663
4555678
4555962
4556074
4556217
4556232
4556680
4556819
4556846
4556916
4556973
4557212
4557237
4557241
4557270
4557467
4557480
4557558
4557640
4557696
4558274
4558305
4558329
4558341
4558468
4558617
4558899
4559051
4559277
4559837
4560125
4560206
4560220
4560247
4560446
4560670
4560749
4560823
4560885
4561016
4561030
4561132
4561158
4561189
4561208
4561250
4561380
4561829
4562441
4562607
4562619
4562797
4562962
4563005
4563037
4563041
4563146
4563204
4563369
4563574
4563733
4564060
4564244
4564320
4564529
4564634
4564680
4564791
4564822
4564984
4564995
4565036
4565209
4565312
4565337
4565364
4565430
4565449
4565531
4565562
4565763
4565781
4565880
4566019
4566078
4566255
4566357
4566439
4566450
4566477
4566595
4566611
4566638
4566817
4566826
4566875
4566906
4566933
4567031
4567176
4567202
4567251
4567892
4568045
4568222
4568327
4568373
4568603
4568672
4568838
4568883
4568998
4569452
4569476
4569849
4569884
4570028
4570052
4570118
4570246
4570327
4570349
4570351
4570655
4570732
4570789
4570856
4570905
4570912
4571151
4571267
4571321
4571464
4571619
4571646
4571663
4571803
4571869
4571923
4571962
4572100
4572367
4572403
4572455
4572469
4572487
4572554
4572692
4572841
4572942
4573518
4573523
4573557
4573600
4573707
4573722
4573966
4574018
4574152
4574199
4574483
4574536
4574677
4574888
4574961
4574975
4575098
4575426
4575475
4575525
4575542
4575673
4575684
4575894
4575928
4576092
4576237
4576241
4576270
4576298
4576356
4576631
4576696
4576708
4576739
4576766
4576782
4576827
4576963
4576981
4577143
4577217
4577496
4577512
4577628
4577724
4577984
4578050
4578109
4578259
4578292
4578375
4578664
4578749
4578896
4578987
4578991
4579022
4579078
4579170
4579186
4579198
4579203
4579236
4579304
4579331
4579482
4579494
4579502
4579701
4579844
4579947
4579971
4580010
4580165
4580274
4580504
4580540
4580557
4580735
4581007
4581063
4581170
4581287
4581379
4581502
4581573
4581595
4581701
4581947
4582064
4582119
4582154
4582231
4582426
4582461
4582493
4582967
4582976
4583044
4583184
4583350
4583382
4583394
4583437
4583470
4583588
4583872
4583904
4584006
4584071
4584148
4584169
4584325
4584428
4584696
4584907
4585008
4585142
4585407
4585463
4585605
4585698
4585749
4586027
4586215
4586239
4586376
4586535
4586647
4586812
4586938
4586942
4587118
4587302
4587368
4587384
4587471
4587515
4587732
4587811
4587856
4587953
4587998
4588040
4588180
4588322
4588335
4588548
4588639
4588694
4588753
4588859
4589009
4589143
4589200
4589418
4589703
4589863
4590017
4590032
4590061
4590127
4590130
4590280
4590299
4590725
4590848
4590957
4591097
4591115
4591177
4591418
4591457
4591512
4591667
4591755
4591819
4592393
4592435
4592463
4592637
4592840
4593248
4593272
4593291
4593439
4593477
4593530
4593767
4593817
4593832
4593858
4594126
4594455
4594469
4594472
4594507
4594620
4594692
4594731
4594785
4594805
4594812
4594983
4595273
4595295
4595456
4595569
4595615
4595753
4595900
4595958
4596005
4596037
4596098
4596303
4596426
4596489
4596668
4597133
4597188
4597256
4597274
4597353
4597370
4597402
4597473
4597600
4597632
4597658
4597899
4597966
4598065
4598499
4598517
4598631
4599235
4599395
4599515
4599550
4599687
4599726
5800076
5800162
5800290
5800420
5800669
5800811
5800874
5800883
5800953
5801201
5801267
5801464
5801824
5801918
5801957
5801996
5802051
5802243
5802522
5802633
5802925
5802974
5803297
5803341
5803675
5803693
5803735
5803828
5803908
5803921
5803943
5804004
5804085
5804096
5804145
5804438
5804741
5804859
5804865
5804892
5805231
5805310
5805324
5805426
5805630
5805843
5806136
5806253
5806311
5806325
5806401
5806467
5806499
5806526
5806561
5806618
5806919
5807217
5807226
5807258
5807320
5807371
5807570
5807598
5807634
5807819
5807890
5808160
5808435
5808463
5808580
5808768
5808879
5808948
5809210
5809331
5809340
5809516
5809530
5809551
5809642
5809799
5810038
5810232
5810258
5810541
5810846
5810973
5811036
5811430
5811600
5811661
5811689
5811746
5811867
5811899
5811915
5812360
5812383
5812434
5812445
5812544
5812662
5812739
5812868
5812907
5812935
5813373
5813414
5813471
5813603
5813726
5813860
5813874
5813912
5813941
5814206
5814214
5814332
5814454
5814605
5815100
5815132
5815376
5815410
5815448
5815665
5815688
5815829
5815938
5815997
5816096
5816378
5816425
5816572
5816591
5816798
5816820
5816975
5817129
5817752
5817799
5817817
5818012
5818098
5818391
5818695
5818706
5818815
5818866
5818901
5819130
5819280
5819315
5819339
5819588
5819654
5819690
5819797
5820197
5820247
5820375
5821051
5821410
5821740
5821762
5821960
5822184
5822276
5822520
5822559
5822690
5822709
5822848
5823630
5823747
5823821
5823967
5824097
5824194
5824232
5824261
5824306
5824854
5825087
5825165
5825337
5825518
5825585
5825801
5826141
5826186
5826224
5826287
5826291
5826642
5826734
5826780
5826817
5826861
5827004
5827113
5827390
5827411
5827536
5827572
5827621
5828013
5828034
5828052
5828219
5828254
5828302
5828330
5828488
5828687
5828726
5828809
5828897
5829006
5829124
5829136
5829169
5829191
5829286
5829338
5829517
5829922
5829946
5830037
5830119
5830204
5830223
5830262
5830285
5830432
5830839
5830976
5831631
5831766
5832048
5832091
5832147
5832297
5832337
5832370
5832579
5832781
5832876
5833100
5833243
5833282
5833448
5833779
5833805
5834203
5834248
5834357
5834415
5834466
5834609
5834933
5835118
5835196
5835219
5835373
5835717
5835842
5835897
5835912
5836058
5836350
5836412
5836663
5836918
5837021
5837156
5837160
5837292
5837344
5837686
5837702
5837773
5837804
5838177
5838217
5838320
5838365
5838462
5839113
5839273
5839474
5839569
5839753
5839958
5840192
5840238
5840675
5841063
5841129
5841164
5841304
5841482
5841947
5842005
5842012
5842262
5842355
5842627
5842668
5842759
5842765
5843032
5843044
5843058
5843075
5843429
5843918
5844033
5844360
5844401
5844428
5844517
5844561
5844679
5844816
5844895
5845501
5845552
5846126
5846189
5846282
5846380
5846472
5846507
5846546
5846731
5846779
5846925
5847254
5847327
5847566
5847717
5847883
5847905
5848040
5848227
5848729
5848806
5848814
5849056
5849108
5849258
5849275
5849457
5849570
5849628
5849652
5849822
5849968
5850000
5850276
5850280
5850377
5850429
5850547
5850810
5851083
5851457
5851564
5851699
5851748
5851772
5851791
5851902
5852109
5852183
5852629
5852686
5852751
5852823
5852831
5852955
5852972
5853198
5853272
5853893
5853920
5853988
5855057
5855216
5855335
5855621
5855666
5855932
5856041
5856064
5856218
5856303
5856324
5856627
5857036
5857087
5857188
5857225
5857238
5857353
5857430
5857473
5857845
5858241
5858311
5858360
5858383
5858715
5858849
5858954
5859118
5859316
5859447
5859465
5859761
5859883
5860129
5860272
5860568
5860625
5860799
5860861
5860988
5861067
5861207
5861327
5861594
5861636
5862128
5862134
5862456
5862474
5862865
5862871
5862888
5862958
5862993
5863042
5863359
5863388
5863529
5863601
5863645
5863968
5864122
5864163
5864928
5864945
5865241
5865325
5865383
5865467
5865517
5865623
5865777
5865802
5866125
5866174
5866247
5866317
5866375
5866478
5866567
5866896
5867151
5867437
5867486
5867571
5868049
5868051
5868068
5868073
5868132
5868175
5868215
5868221
5868522
5868647
5868898
5869211
5869260
5869386
5869504
5869562
5869689
5869813
5870068
5870073
5870161
5870208
5870469
5870812
5871510
5871737
5871917
5872179
5872302
5872327
5872488
5872543
5872648
5872856
5873033
5873172
5873187
5873241
5873360
5873868
5873990
5874017
5874377
5874382
5874464
5874635
5874869
5874985
5875097
5875194
5875652
5875710
5875724
5875736
5875748
5875819
5875949
5876165
5876192
5876402
5876600
5877005
5877560
5877583
5877684
5877695
5877771
5878112
5878186
5878287
5878340
5878625
5878674
5879111
5879214
5879233
5879247
5879265
5879317
5879702
5879768
5879773
5879948
5879972
5880088
5880309
5880374
5880589
5880604
5880618
5880662
5880907
5881050
5881125
5881576
5881664
5881862
5881879
5881969
5882011
5882822
5883216
5883381
5883615
5883712
5883917
5884192
5884341
5884632
5884661
5884707
5885210
5885494
5885780
5885965
5886034
5886235
5886263
5886577
5886669
5886897
5887243
5887294
5887313
5887380
5887472
5887812
5887886
5887942
5887974
5888044
5888093
5888195
5888234
5888470
5888663
5888797
5888824
5888962
5889204
5889432
5889525
5889771
5890096
5890101
5890145
5890167
5890335
5890354
5890390
5890820
5890871
5891098
5891417
5891432
5891444
5891461
5891542
5891747
5891808
5891999
5892656
5892752
5892920
5892933
5893021
5893375
5893435
5893702
5893804
5893823
5894076
5894196
5894433
5894669
5894758
5895116
5895173
5895234
5895453
5895824
5895962
5896056
5896108
5896177
5896182
5896200
5896232
5896423
5896457
5897020
5897047
5897103
5897155
5897476
5897480
5897679
5897851
5898120
5898305
5898312
5898337
5898370
5898386
5898398
5898754
5899027
5899051
5899158
5899175
5899367
5899410
5899424
5899519
5899671
5899692
5899757
5899837
5899841
5899956
5899983
5900214
5900478
5900534
5900599
5900698
5900831
5900903
5901016
5901367
5901410
5901519
5901829
5902017
5902044
5902201
5902607
5902709
5902760
5902774
5902869
5902887
5903257
5903668
5903720
5903747
5904009
5904038
5904177
5904601
5904645
5904755
5904769
5904930
5905048
5905147
5905353
5905451
5905596
5905867
5905876
5906078
5906248
5906450
5906516
5906568
5906638
5906683
5906826
5906832
5906875
5907145
5907307
5907363
5907411
5907587
5907591
5907741
5908278
5909169
5909286
5909311
5909499
5909604
5910096
5910249
5910497
5910569
5910677
5910682
5911119
5911285
5911928
5912090
5912112
5912318
5912638
5912817
5912965
5913043
5913220
5913599
5913686
5913698
5913702
5913896
5914384
5914624
5915058
5915168
5915559
5915725
5915760
5915774
5916097
5916496
5916512
5916769
5916819
5916854
5917047
5917071
5917092
5917103
5917169
5917544
5917750
5917816
5918427
5918468
5918557
5918719
5918943
5919294
5919424
5919469
5919535
5919590
5919671
5919898
5919911
5920028
5920406
5920636
5920809
5920912
5921075
5921127
5921377
5921382
5921681
5921690
5921738
5921848
5921962
5922215
5922522
5922606
5922692
5922974
5923048
5923069
5923260
5923312
5923337
5923562
5923689
5923950
5924004
5924145
5924176
5924425
5924503
5924615
5924694
5924753
5924814
5924888
5925181
5925324
5925597
5925649
5925651
5925684
5925706
5925720
5925913
5925976
5926155
5926360
5926413
5926452
5926467
5926500
5926561
5926618
5926679
5926708
5926851
5926963
5927009
5927200
5928021
5928160
5928545
5928702
5928784
5928823
5928831
5928896
5929054
5929304
5929450
5929482
5929573
5929776
5929826
5929893
5930024
5930133
5930209
5930427
5930531
5930781
5930915
5930939
5931153
5931516
5931780
5931799
5931844
5932574
5932597
5933201
5933245
5933276
5933315
5933514
5933607
5933918
5933940
5933962
5934020
5934356
5934532
5934715
5934743
5934777
5934802
5935259
5935393
5935422
5935641
5935686
5935730
5935857
5936193
5936215
5936294
5936301
5936376
5936909
5936960
5937351
5937373
5937492
5937521
5937543
5937953
5938062
5938079
5938729
5939097
5939479
5939570
5939736
5939772
5939819
5939835
5939949
5940542
5940556
5940967
5941033
5941124
5941136
5941309
5941434
5941827
5941868
5941981
5942133
5942171
5942312
5942341
5942473
5942495
5942523
5942722
5942908
5942950
5942977
5943073
5943250
5943334
5943563
5943606
5943688
5944287
5944291
5944800
5944858
5945235
5945263
5945465
5945488
5945744
5945825
5945937
5946032
5946151
5946437
5946506
5946533
5946607
5946711
5946725
5946836
5946996
5947233
5947670
5947686
5947840
5947936
5948025
5948074
5948166
5948529
5948634
5948703
5948769
5948951
5948973
5949031
5949390
5949497
5949615
5949677
5949865
5949989
5950073
5950100
5950161
5950294
5950352
5950436
5950472
5950491
5950983
5951145
5951180
5951295
5951335
5951569
5951677
5951705
5951770
5952052
5952207
5952349
5952550
5952610
5952793
5952937
5953020
5953205
5953401
5953428
5953575
5953631
5953640
5953679
5953884
5954044
5954276
5954441
5954506
5954588
5954654
5955258
5955289
5955392
5955485
5955496
5955541
5956024
5956120
5956305
5956341
5956468
5956790
5956845
5956966
5957086
5957135
5957231
5957240
5957627
5957808
5957839
5957850
5958304
5958379
5958408
5958439
5958573
5958683
5958906
5959015
5959111
5959344
5959991
5960014
5960033
5960065
5960103
5960264
5960309
5960593
5960696
5960721
5960750
5960919
5961039
5961109
5961111
5961156
5961247
5961317
5961361
5961896
5961972
5962108
5962244
5962505
5962736
5962819
5962854
5962878
5962968
5963004
5963176
5963202
5963273
5963346
5963460
5963548
5963820
5964024
5964048
5964069
5964147
5964256
5964283
5964484
5964540
5964600
5964644
5965323
5965357
5965817
5965988
5966118
5966368
5967175
5967829
5968089
5968252
5968520
5968678
5968690
5968709
5968855
5968918
5968923
5969119
5969231
5969348
5969461
5969649
5969765
5969952
5970093
5970412
5970571
5970622
5970663
5970891
5971261
5971541
5971724
5971787
5971878
5972545
5972576
5972702
5972795
5973019
5973153
5973224
5973287
5973304
5973357
5973396
5973551
5973752
5973767
5974051
5974158
5974193
5974221
5974334
5974380
5974554
5974864
5975113
5975273
5975319
5975621
5975806
5975833
5976053
5976223
5976324
5976400
5976706
5976913
5976934
5977036
5977398
5977801
5977852
5977915
5977977
5977982
5978065
5978338
5978374
5978544
5978589
5978604
5978766
5978816
5978919
5978922
5979368
5979717
5979838
5979905
5980054
5980078
5980105
5980112
5980439
5980494
5980959
5980971
5981131
5981222
5981732
5981860
5981912
5982101
5982284
5982591
5982650
5982705
5982737
5983293
5983333
5983388
5983680
5983772
5983822
5983984
5983995
5984135
5984257
5984372
5984509
5984511
5984574
5985623
5985743
5985868
5985954
5986066
5986361
5986393
5986702
5986768
5986818
5986972
5987437
5987547
5987588
5987681
5987711
5987774
5987783
5987957
5988215
5988352
5988455
5988522
5988563
5988731
5988909
5988956
5988997
5989398
5989427
5989451
5989504
5989950
5990347
5990388
5990479
5990537
5990601
5990613
5990724
5990769
5990902
5990995
5991036
5991048
5991147
5991238
5991256
5991364
5991370
5991386
5991468
5991557
5991658
5991675
5991994
5992033
5992071
5992397
5992500
5992526
5992589
5992922
5993080
5993157
5993246
5993330
5993624
5993636
5993775
5993789
5993809
5993970
5994039
5994156
5994580
5994612
5994948
5995250
5995301
5995522
5995870
5995909
5996062
5996134
5996227
5996833
5996944
5997112
5997269
5997272
5997408
5997421
5997527
5997745
5998135
5998190
5998310
5998348
5998417
5998511
5998668
5998720
5998747
5998815
5998843
5999149
5999267
5999280
5999308
5999622
5999709
5999848
2401617
2403838
2406346
2407799
2408218
2416375
2417622
2419828
2421309
2432104
2432316
2434116
2435431
2438609
2438752
2441678
2442334
2444764
2444917
2444993
2447703
2451129
2451164
2458958
2459320
2460366
2463656
2464250
2467072
2467297
2469809
2469912
2471751
2474880
2479400
2480572
2486973
2489334
2490344
2492245
2402517
2408064
2411809
2412319
2421191
2428680
2430049
2431411
2431615
2432045
2433311
2434738
2436746
2442455
2445426
2446006
2446136
2450072
2452181
2452866
2456158
2462730
2464487
2465932
2467661
2468558
2468868
2469302
2476067
2477410
2478565
2479432
2479560
2483936
2484162
2487990
2491805
2492979
2495908
2497917
2401813
2408372
2410340
2410549
2410889
2411717
2419518
2422427
2422908
2425603
2426315
2426760
2426872
2430546
2431460
2438494
2438568
2439727
2441588
2446963
2447973
2449291
2452041
2453547
2455066
2456221
2458096
2461634
2464956
2469406
2470169
2477027
2479285
2481684
2483407
2485486
2486553
2488661
2491911
2496054
5301091
5305606
5309102
5312346
5313083
5314560
5315657
5316969
5318117
5320525
5321338
5325104
5329295
5331216
5331591
5332669
5333657
5333851
5337296
5338832
5339751
5352178
5354065
5357856
5360127
5363817
5364436
5366218
5369067
5371727
5372333
5374069
5374087
5376508
5379627
5379980
5380989
5386863
5391911
5398080
2401024
2404156
2406503
2407164
2412741
2415990
2419735
2423027
2425254
2425953
2431425
2441506
2446480
2447667
2447984
2452426
2452509
2452668
2459995
2460453
2466348
2470309
2473411
2473524
2475141
2477805
2479218
2479426
2481119
2487059
2488003
2490749
2490862
2494404
2496625
2497322
5323898
5344572
5356812
5358888
